100
3 484
1 485
596 787
121 302
10 120
3 121
3 5
280 414
234 595
65 121
3 742
8 109
303 742
65 584
21 121
100 1000
347 395
453 482
3 104
1 2
303 484
120 254
247 516
21 484
384 584
3 109
484 485
21 584
4 6
384 722
303 584
120 484
668 934
1 5
9 65
484 742
4 65
7 584
79 372
86 572
512 774
4 104
391 846
252 770
8 10
483 742
531 721
21 302
290 883
1 9
602 943
483 584
121 485
65 122
21 485
8 121
1 4
484 584
4 485
3 9
7 109
369 644
1 1
730 988
8 122
1 302
315 976
303 485
148 493
936 956
21 122
603 850
122 483
565 878
125 884
1 109
122 1000
1 6
7 221
755 959
9 10
574 629
4 302
47 637
120 221
1 104
1 1000
121 484
5 170
8 65
128 507
1 65
3 221
65 742
120 584
1 122
384 484
121 122
117 680
1 10
