100
3 1 5 15 13 11
3 0 8 23 22 21
2 0 0 0 0
3 0 9 16 29 6
2 2 5 14 10
3 1 2 2 3 10
3 1 8 20 21 20
1 0 2 3
1 1 5 4
1 1 5 6
3 0 4 13 24 9
2 0 3 6 7
1 1 8 6
3 0 7 18 17 17
3 3 8 28 4 17
1 0 8 21
3 0 0 30 30 30
3 0 5 12 2 11
3 1 2 2 15 25
1 0 6 14
3 0 9 29 5 22
1 0 4 29
2 1 1 12 9
3 3 5 15 27 12
2 2 0 17 6
1 0 7 18
3 2 1 4 21 30
2 2 0 19 14
2 0 2 14 29
1 0 3 5
1 1 2 3
2 0 7 12 21
3 3 1 13 21 18
2 0 8 27 17
3 3 8 14 3 25
1 0 1 0
3 2 1 2 0 19
1 0 1 5
3 3 1 13 18 27
2 2 3 28 28
2 1 5 29 27
3 0 10 30 30 30
2 1 5 19 3
2 0 2 13 27
1 0 6 12
2 0 5 12 11
3 0 7 0 13 6
2 1 6 22 24
2 2 10 9 19
1 0 2 2
1 0 5 13
2 0 10 27 24
2 2 1 15 2
3 3 3 19 25 21
2 2 8 27 20
1 1 1 3
1 0 6 14
3 3 0 17 11 20
1 0 3 6
1 0 8 21
3 0 5 14 5 22
3 1 3 8 8 11
2 0 6 19 14
3 0 7 24 20 3
2 2 9 8 9
1 0 7 17
2 2 10 21 20
2 0 8 21 21
3 1 5 11 12 22
3 3 3 26 6 13
2 2 6 6 10
1 0 3 21
2 0 5 23 11
2 1 3 6 6
1 1 2 6
3 0 2 2 24 30
1 1 7 14
1 1 10 21
3 1 6 14 14 27
1 0 7 18
1 0 8 8
3 2 10 13 12 12
1 0 2 30
1 0 4 9
2 2 8 10 4
2 2 0 10 19
1 0 2 3
2 2 8 6 18
2 0 4 16 21
1 0 2 3
2 2 2 13 11
1 0 9 1
2 2 7 25 20
1 0 1 12
3 1 6 25 15 14
1 0 2 3
1 0 10 26
3 1 6 14 26 14
1 0 10 27
1 0 6 14
