50
24
2 12 13
2 24 10
0
0
2 21 2
2 19 8
1 3
2 15 14
2 23 5
2 4 16
0
0
2 22 7
2 20 18
0
2 11 1
0
2 17 9
0
0
0
0
0
0
24
1 6
2 21 14
2 13 4
2 17 2
0
1 9
2 22 3
0
0
2 8 23
0
0
0
2 24 16
2 18 10
2 5 15
0
0
2 11 7
2 1 6
0
0
2 12 20
0
24
1 5
2 15 13
1 21
2 1 22
0
1 17
1 11
1 21
0
0
0
1 9
1 10
1 11
1 10
2 12 20
0
2 14 7
2 8 3
1 9
0
1 5
1 17
2 23 6
25
1 9
1 9
1 9
1 9
1 9
1 9
1 9
1 9
0
1 9
1 9
1 9
1 9
1 9
1 9
1 9
1 9
1 9
1 9
1 9
1 9
1 9
1 9
1 9
1 9
25
1 8
0
1 12
1 5
1 3
1 13
1 23
1 4
1 6
1 19
1 18
1 7
1 24
1 15
1 9
1 10
1 1
1 16
1 20
1 2
1 14
1 21
1 22
1 25
1 11
25
1 7
1 3
1 17
1 23
1 1
1 18
1 6
1 16
1 19
2 5 13
1 24
1 4
0
1 15
1 22
1 9
1 13
1 12
1 11
1 8
1 14
1 2
1 20
1 25
1 21
25
1 18
0
0
2 1 22
0
2 11 13
2 12 25
2 4 6
0
2 17 7
1 9
0
2 19 21
1 23
1 5
2 15 14
1 3
0
0
2 8 24
0
1 2
0
2 16 10
0
25
1 22
1 22
2 8 14
2 18 20
2 25 4
1 22
1 2
1 19
1 23
1 22
2 3 17
1 22
1 22
1 10
1 12
2 5 11
2 7 21
1 13
1 22
1 6
2 1 24
0
1 22
1 22
2 9 15
24
1 15
1 7
1 11
1 24
1 4
1 10
1 18
1 13
1 19
1 12
1 1
1 23
1 9
1 22
1 2
2 5 21
1 14
1 6
1 23
1 17
1 3
1 8
0
1 20
20
0
10 5 1 8 16 4 13 10 9 18 20
10 5 1 8 16 4 13 10 9 18 20
0
0
10 5 1 8 16 4 13 10 9 18 20
10 5 1 8 16 4 13 10 9 18 20
0
0
0
10 5 1 8 16 4 13 10 9 18 20
10 5 1 8 16 4 13 10 9 18 20
0
10 5 1 8 16 4 13 10 9 18 20
10 5 1 8 16 4 13 10 9 18 20
0
10 5 1 8 16 4 13 10 9 18 20
0
10 5 1 8 16 4 13 10 9 18 20
0
50
0
0
2 49 42
2 38 28
2 40 41
0
0
2 9 3
0
0
0
2 2 47
0
2 32 29
2 45 26
0
0
2 33 21
0
0
2 11 5
2 1 36
2 16 18
0
2 31 23
2 19 12
0
2 20 37
2 6 8
2 50 48
0
0
0
2 17 22
0
1 24
2 35 25
0
2 10 14
0
2 43 39
2 13 46
0
0
0
2 7 15
2 44 34
2 27 4
0
0
50
0
0
2 2 41
2 43 13
0
2 37 47
2 1 6
2 36 42
0
2 11 14
0
2 44 30
2 27 7
2 5 19
0
1 46
2 50 33
0
2 24 12
0
0
2 9 39
2 26 16
0
0
1 16
0
0
2 20 3
2 21 35
2 34 40
0
2 18 22
0
2 28 23
0
0
0
2 15 8
2 32 4
2 38 45
2 25 31
0
0
2 48 10
0
2 49 29
0
0
0
48
1 15
1 5
1 33
2 10 23
0
2 12 11
1 37
1 26
1 26
1 48
1 17
1 17
0
2 32 27
0
2 7 46
0
1 33
1 47
0
2 28 36
2 42 30
1 48
2 44 1
0
0
1 20
1 29
0
1 13
2 9 8
1 20
0
2 43 19
1 25
1 29
0
2 41 2
2 18 3
1 25
1 5
1 13
1 47
1 15
2 35 40
1 37
0
0
50
1 3
1 3
0
1 3
1 3
1 3
1 3
1 3
1 3
1 3
1 3
1 3
1 3
1 3
1 3
1 3
1 3
1 3
1 3
1 3
1 3
1 3
1 3
1 3
1 3
1 3
1 3
1 3
1 3
1 3
1 3
1 3
1 3
1 3
1 3
1 3
1 3
1 3
1 3
1 3
1 3
1 3
1 3
1 3
1 3
1 3
1 3
1 3
1 3
1 3
50
1 40
1 45
1 26
1 50
1 42
1 20
1 38
1 36
1 24
1 11
1 8
1 23
1 7
1 6
1 5
1 49
1 47
1 1
1 15
1 4
1 39
1 27
1 25
1 18
1 3
1 21
1 2
1 19
1 33
1 44
1 30
1 14
1 17
1 10
1 37
1 29
1 28
1 34
1 41
1 12
1 13
1 9
0
1 35
1 31
1 22
1 48
1 43
1 32
1 46
50
2 45 40
1 19
1 41
1 3
1 11
1 35
1 25
1 36
1 26
1 15
1 28
1 4
1 47
1 27
1 33
1 9
1 24
1 2
1 34
1 38
1 40
1 46
1 49
1 14
1 16
1 17
1 32
1 8
1 18
1 42
1 44
1 20
1 43
1 37
1 7
1 6
1 50
1 22
1 12
0
1 13
1 48
1 23
1 5
1 29
1 10
1 21
1 39
1 30
1 31
50
0
2 48 9
0
0
0
1 38
0
2 10 41
2 45 16
2 36 2
0
2 44 11
2 20 21
1 39
2 49 32
0
1 18
0
1 28
1 34
1 25
0
2 31 46
1 3
0
2 19 47
0
0
1 30
0
1 1
1 5
2 42 50
0
0
2 6 14
2 24 12
0
0
2 17 29
2 40 26
2 23 15
2 33 8
0
0
1 7
2 22 35
1 4
1 27
2 13 37
50
1 6
1 6
1 6
2 13 43
1 37
0
2 46 22
2 39 24
2 4 17
1 23
2 7 8
2 29 2
2 34 47
1 6
1 6
1 6
2 50 21
1 14
1 6
1 16
2 18 12
2 40 28
1 6
2 20 48
1 6
1 6
2 9 11
1 41
1 6
1 6
1 3
1 19
1 44
1 42
1 6
1 1
1 6
1 35
2 36 5
1 25
1 6
1 6
2 33 38
1 6
1 6
2 10 31
1 45
2 15 30
1 26
2 49 32
50
1 32
1 20
2 40 26
1 30
1 9
1 17
1 8
1 18
1 38
1 19
1 35
1 13
1 48
1 15
1 33
1 41
1 47
0
1 36
1 7
1 2
1 45
1 28
1 42
1 14
1 34
1 50
1 44
1 22
1 25
1 6
1 12
1 24
1 49
1 10
1 21
1 18
1 31
1 37
1 4
1 23
1 5
1 11
1 29
1 43
1 39
1 1
1 46
1 27
1 16
50
0
10 37 33 13 32 27 22 30 23 5 16
10 42 20 47 31 44 39 1 45 19 35
10 42 20 47 31 44 39 1 45 19 35
10 48 7 49 9 40 3 6 10 4 18
10 42 20 47 31 44 39 1 45 19 35
10 42 20 47 31 44 39 1 45 19 35
10 46 50 12 25 43 24 2 34 17 21
10 42 20 47 31 44 39 1 45 19 35
10 42 20 47 31 44 39 1 45 19 35
10 46 50 12 25 43 24 2 34 17 21
10 37 33 13 32 27 22 30 23 5 16
10 48 7 49 9 40 3 6 10 4 18
10 46 50 12 25 43 24 2 34 17 21
10 46 50 12 25 43 24 2 34 17 21
10 48 7 49 9 40 3 6 10 4 18
10 37 33 13 32 27 22 30 23 5 16
10 42 20 47 31 44 39 1 45 19 35
0
0
10 37 33 13 32 27 22 30 23 5 16
10 48 7 49 9 40 3 6 10 4 18
10 48 7 49 9 40 3 6 10 4 18
10 37 33 13 32 27 22 30 23 5 16
10 37 33 13 32 27 22 30 23 5 16
10 46 50 12 25 43 24 2 34 17 21
10 48 7 49 9 40 3 6 10 4 18
10 46 50 12 25 43 24 2 34 17 21
10 46 50 12 25 43 24 2 34 17 21
10 48 7 49 9 40 3 6 10 4 18
0
10 48 7 49 9 40 3 6 10 4 18
10 48 7 49 9 40 3 6 10 4 18
10 37 33 13 32 27 22 30 23 5 16
0
10 46 50 12 25 43 24 2 34 17 21
10 48 7 49 9 40 3 6 10 4 18
10 46 50 12 25 43 24 2 34 17 21
0
10 42 20 47 31 44 39 1 45 19 35
10 46 50 12 25 43 24 2 34 17 21
0
10 37 33 13 32 27 22 30 23 5 16
0
0
10 37 33 13 32 27 22 30 23 5 16
0
10 42 20 47 31 44 39 1 45 19 35
10 42 20 47 31 44 39 1 45 19 35
10 37 33 13 32 27 22 30 23 5 16
5
0
0
0
0
4 2 1 4 3
5
1 3
0
1 2
2 5 2
0
5
1 4
2 3 5
1 5
0
0
5
0
1 3
0
1 1
2 1 3
5
2 4 3
0
0
2 3 2
0
41
0
6 18 37 8 17 13 36
0
1 22
0
0
1 29
0
2 22 20
2 4 39
0
1 27
2 24 15
0
1 5
1 22
2 22 25
0
1 18
3 39 15 8
0
0
2 12 33
0
0
1 29
2 33 8
0
1 8
2 33 20
1 32
0
0
1 28
0
1 6
1 20
1 18
0
1 33
4 15 33 36 31
45
1 13
0
0
1 11
2 19 44
3 2 26 25
0
2 19 29
0
1 24
0
1 35
1 4
2 29 3
1 27
1 29
0
0
0
2 24 21
0
0
3 9 11 24
1 41
0
2 11 3
0
0
1 19
0
1 21
0
3 36 3 40
2 35 21
2 18 21
1 2
0
0
0
1 36
1 32
4 24 27 41 34
1 27
2 41 32
2 27 5
49
0
1 3
1 39
0
1 12
2 32 40
0
1 25
1 8
1 4
0
1 35
1 42
2 11 15
1 16
0
0
0
2 28 42
1 35
0
2 38 21
1 1
1 43
0
0
2 26 16
1 2
2 23 15
2 40 34
1 12
1 10
1 6
1 16
1 10
3 46 23 21
0
1 30
1 40
0
1 4
1 4
0
2 45 32
2 9 6
1 32
3 28 45 18
1 1
1 39
44
0
0
0
1 39
0
6 13 15 1 27 26 30
1 43
3 15 34 16
0
0
1 23
1 34
1 26
0
0
0
3 31 39 26
0
1 4
0
2 1 29
2 33 14
1 43
2 41 1
2 20 33
0
4 5 24 9 39
1 9
0
0
3 38 3 32
0
0
1 29
0
0
1 33
1 43
0
3 5 16 26
1 29
1 9
0
1 33
43
2 23 30
0
0
1 17
1 42
2 11 31
0
0
3 6 35 13
1 29
1 17
3 33 16 34
1 43
2 38 4
0
0
0
3 5 22 30
1 38
1 11
1 29
1 17
1 37
2 17 13
0
0
0
3 34 30 7
0
0
1 30
4 11 15 41 12
0
0
1 16
0
2 33 36
0
1 14
1 2
0
1 38
2 3 8
42
3 9 35 40
1 39
0
0
4 6 27 37 22
0
0
1 6
1 36
1 34
2 1 29
0
0
0
2 22 27
1 13
1 28
1 7
1 24
2 9 3
2 39 42
0
2 2 21
1 7
0
1 35
0
0
4 33 13 24 34
1 7
1 36
0
0
1 24
2 19 33
1 7
2 7 22
1 33
0
0
2 21 3
0
50
3 4 48 10
1 33
0
2 42 41
1 39
0
1 48
1 21
0
3 41 23 50
1 18
0
1 35
0
5 11 37 6 41 8
0
3 24 29 34
1 30
1 6
1 37
0
2 43 3
2 19 6
0
1 12
3 50 41 3
0
0
1 33
1 50
1 37
0
0
1 27
1 41
2 28 21
0
3 11 44 12
0
1 39
0
0
0
2 45 24
0
2 13 32
0
1 14
1 35
0
43
0
0
2 29 20
0
0
1 31
0
1 38
0
3 15 42 1
1 20
4 26 32 2 7
0
0
0
0
0
0
1 23
0
0
0
2 33 1
0
2 31 20
1 9
1 25
1 35
0
1 29
0
1 41
1 20
1 29
2 37 38
1 21
0
0
0
0
0
1 3
0
49
0
0
0
3 30 1 32
0
0
2 22 23
0
0
0
0
1 40
2 32 18
0
1 2
3 7 35 23
0
1 20
1 7
2 40 6
0
0
0
0
0
0
1 37
0
1 7
1 27
2 3 8
2 48 35
0
0
1 2
1 7
0
0
1 42
0
1 42
1 38
0
1 31
1 1
0
0
0
2 1 9
49
0
0
0
0
0
3 46 25 31
0
1 33
0
1 4
0
0
0
0
1 3
0
0
1 48
0
0
0
0
0
0
3 32 34 15
2 4 42
1 29
0
2 35 42
0
0
1 29
3 2 12 47
0
1 34
2 34 48
0
2 15 40
2 14 5
1 14
1 3
0
2 39 35
0
1 26
0
0
0
1 24
42
0
0
0
0
1 3
1 15
0
2 15 24
1 38
1 25
0
0
3 12 7 11
0
0
0
5 28 25 34 9 37
2 23 25
0
2 16 5
0
0
0
0
4 23 29 16 36
0
0
0
1 9
0
0
0
2 35 11
0
0
0
0
0
0
2 37 32
0
1 22
46
1 4
1 3
0
1 31
3 22 29 9
0
1 15
0
1 15
0
1 36
0
0
0
0
0
2 18 6
2 32 14
1 34
0
1 19
0
0
0
1 30
0
0
1 36
2 2 26
0
0
1 15
1 14
0
1 4
0
1 18
0
3 34 11 24
0
0
0
3 8 3 33
0
0
1 2
44
0
0
0
0
0
0
1 23
0
3 22 31 12
2 32 11
1 25
1 21
0
0
0
4 11 6 40 29
0
1 17
0
1 44
0
3 28 32 13
0
0
0
1 12
1 17
1 38
1 37
0
0
0
3 38 21 4
1 23
0
0
0
1 23
1 38
0
2 31 7
0
0
0
47
0
0
1 23
1 7
0
0
0
2 10 7
1 1
0
1 36
0
0
1 36
0
2 33 35
0
0
1 22
1 21
0
1 41
0
2 27 28
0
1 28
1 17
0
2 35 26
0
1 15
0
0
0
0
0
1 41
0
0
3 17 3 10
0
2 4 10
1 17
0
1 32
2 3 20
2 40 26
48
0
0
0
0
0
0
0
3 22 36 16
1 4
1 17
0
0
1 46
1 41
0
1 29
1 11
2 2 29
0
1 2
2 7 45
3 38 4 13
0
0
1 44
0
0
0
0
0
4 46 20 26 29
1 9
0
2 7 36
3 45 39 18
0
0
0
2 23 7
0
0
1 36
0
0
1 12
0
0
0
45
0
1 40
0
0
2 33 39
1 16
2 28 30
2 9 45
0
0
2 39 26
1 28
0
0
0
2 30 33
0
0
0
0
1 3
0
0
2 4 36
1 44
0
0
0
1 4
0
1 2
1 9
0
0
0
2 13 33
0
2 25 33
1 35
0
3 33 36 13
0
0
0
2 23 13
48
1 10
0
0
2 2 31
0
0
2 43 36
1 27
0
0
0
3 48 5 19
0
0
1 13
1 13
0
0
2 13 15
3 8 44 15
1 5
0
0
1 10
0
0
1 37
1 29
0
1 17
0
0
0
0
1 43
0
0
0
2 47 14
1 2
0
1 28
0
2 32 19
1 5
1 36
1 15
1 45
45
1 18
3 39 36 10
0
2 2 39
0
2 32 26
2 40 1
1 29
0
1 18
1 35
0
1 24
0
0
0
0
0
0
2 36 21
0
2 1 10
1 17
0
1 13
0
1 16
1 42
0
1 15
1 2
0
1 13
2 41 26
0
0
0
0
0
0
0
2 41 35
0
0
1 23
44
1 12
1 31
1 26
0
0
0
0
0
0
0
0
0
0
0
0
0
1 10
0
1 33
0
0
0
0
1 10
0
0
1 42
1 14
0
0
1 24
1 14
0
1 1
0
0
1 22
0
0
0
0
1 14
1 41
0
44
0
0
0
0
0
0
0
0
1 42
0
2 29 6
1 41
0
0
0
1 5
0
0
0
0
0
0
0
0
0
3 20 4 44
0
1 6
0
1 25
0
0
1 20
0
0
0
1 22
0
0
0
0
0
0
2 16 19
41
0
0
0
0
0
0
0
2 30 38
0
0
1 31
0
0
1 26
1 2
0
0
0
1 16
2 6 13
0
0
0
1 22
1 12
0
0
2 2 35
0
0
0
0
0
0
0
1 39
0
0
0
0
0
49
1 27
1 33
0
0
1 41
0
0
0
0
0
0
0
1 19
2 24 47
0
1 18
0
0
2 8 11
0
1 35
1 30
0
0
0
2 2 33
0
0
0
0
0
0
0
0
0
0
1 20
0
0
0
0
1 46
0
0
1 5
0
0
0
0
48
0
0
0
0
0
0
0
2 36 37
0
0
0
0
0
0
1 13
0
0
0
0
1 2
0
0
0
0
0
2 14 28
0
0
0
0
1 21
0
1 20
0
0
2 18 7
0
2 42 39
1 45
0
1 20
0
0
0
0
2 21 1
0
0
41
1 39
0
0
1 30
0
1 41
1 16
0
1 41
0
0
0
0
0
0
0
0
0
0
1 30
0
0
1 19
0
0
1 28
1 30
0
1 36
1 41
0
0
0
0
0
1 17
1 11
0
0
0
0
48
0
2 46 13
0
1 18
0
0
1 45
0
0
0
0
0
1 37
1 21
1 20
0
1 38
0
0
0
0
1 21
1 20
0
0
1 41
0
0
0
0
0
1 11
0
0
0
2 37 3
0
0
0
0
0
0
1 27
1 3
0
0
0
0
